3000, 2.786064, 21.673946, 2.941054, 21.642767, 2.985674, 21.601150, 3.130332, 21.630608, 3.318135, 21.635664, 3.362844, 21.640133, 3.004475, 21.520261, 3.164847, 21.567197, 3.094131, 21.608632, 3.303957, 21.693515
6000, 2.346507, 21.636357, 2.211416, 21.597043, 2.178759, 21.601150, 2.563726, 21.549290, 2.481786, 21.611300, 2.532414, 21.616945, 2.376199, 21.520261, 2.496441, 21.567197, 2.432772, 21.598211, 2.377903, 21.561088
9000, 2.035863, 21.636357, 1.911086, 21.595942, 1.950864, 21.601150, 2.009556, 21.549290, 2.080395, 21.380447, 2.131100, 21.591893, 1.981640, 21.520261, 2.036121, 21.567197, 2.106795, 21.575501, 1.941847, 21.561088
12000, 1.822290, 21.564634, 1.804358, 21.588794, 1.832650, 21.583602, 1.693240, 21.499806, 1.684764, 21.380447, 1.833180, 21.439841, 1.748554, 21.458364, 1.757661, 21.567190, 1.911145, 21.575501, 1.677377, 21.561088
15000, 1.674859, 21.516342, 1.643824, 21.588794, 1.696082, 21.536474, 1.595631, 21.471292, 1.585623, 21.380447, 1.623096, 21.433449, 1.651262, 21.458364, 1.576981, 21.405368, 1.711968, 21.485932, 1.578787, 21.561088
18000, 1.592197, 21.451582, 1.561380, 21.425592, 1.609744, 21.490309, 1.501999, 21.409497, 1.491896, 21.380447, 1.433722, 21.307577, 1.529065, 21.458364, 1.458049, 21.351703, 1.629261, 21.485932, 1.486473, 21.524826
21000, 1.481043, 21.366531, 1.460718, 21.343552, 1.456163, 21.430000, 1.400396, 21.407878, 1.395741, 21.361746, 1.388727, 21.264254, 1.437156, 21.359884, 1.410157, 21.333610, 1.533594, 21.419057, 1.413799, 21.496559
24000, 1.367675, 21.274388, 1.341292, 21.245354, 1.413345, 21.393935, 1.345120, 21.381009, 1.361268, 21.298546, 1.324179, 21.193383, 1.399558, 21.343890, 1.336703, 21.262483, 1.425597, 21.419057, 1.343507, 21.351039
27000, 1.357885, 21.216013, 1.292315, 21.111463, 1.381804, 21.282922, 1.320431, 21.256866, 1.281899, 21.246885, 1.299847, 21.127168, 1.335933, 21.343890, 1.285725, 21.206143, 1.362635, 21.370409, 1.294362, 21.323298
30000, 1.313082, 21.137520, 1.254362, 21.064832, 1.338646, 21.282922, 1.256223, 21.223728, 1.266575, 21.246885, 1.266998, 21.089234, 1.312386, 21.273219, 1.245864, 21.140160, 1.324550, 21.255987, 1.267490, 21.222691
33000, 1.294523, 21.113203, 1.242332, 20.997315, 1.285913, 21.251527, 1.225929, 21.115518, 1.248314, 21.222882, 1.240398, 21.045689, 1.278529, 21.273219, 1.220104, 21.053980, 1.301357, 21.255987, 1.243072, 21.120646
36000, 1.261825, 21.063297, 1.215562, 20.946146, 1.242749, 21.185337, 1.226151, 21.058676, 1.218525, 21.159396, 1.225638, 21.013921, 1.262222, 21.273219, 1.214298, 21.009707, 1.248700, 21.200423, 1.216797, 21.067587
39000, 1.233690, 20.992243, 1.213158, 20.859751, 1.227786, 21.093268, 1.199535, 20.985954, 1.201010, 21.053351, 1.213779, 20.978850, 1.247871, 21.221584, 1.213521, 20.945485, 1.226089, 21.163970, 1.212789, 20.957106
42000, 1.205351, 20.971358, 1.203173, 20.829634, 1.188309, 21.082042, 1.190623, 20.881747, 1.187542, 21.048323, 1.196585, 20.944365, 1.227690, 21.068739, 1.208299, 20.945485, 1.198675, 21.092117, 1.201171, 20.910059
45000, 1.199908, 20.885804, 1.199876, 20.766683, 1.172543, 21.004585, 1.188046, 20.881747, 1.174161, 20.994279, 1.196177, 20.895373, 1.225703, 20.773494, 1.189878, 20.899149, 1.186736, 20.980366, 1.184754, 20.847853
48000, 1.180890, 20.861097, 1.169083, 20.761765, 1.167731, 20.952571, 1.183295, 20.881747, 1.165870, 20.984829, 1.190068, 20.859151, 1.212486, 20.474402, 1.175991, 20.893167, 1.178036, 20.949548, 1.167861, 20.827573
51000, 1.172695, 20.850461, 1.175259, 20.737542, 1.154929, 20.873222, 1.167070, 20.881747, 1.162083, 20.972005, 1.165876, 20.859151, 1.201210, 20.138404, 1.171004, 20.815898, 1.169048, 20.910819, 1.164140, 20.792309
54000, 1.170279, 20.841193, 1.166922, 20.725835, 1.141728, 20.873222, 1.159608, 20.849653, 1.151366, 20.971250, 1.160490, 20.817748, 1.190404, 19.759794, 1.162863, 20.790121, 1.168748, 20.816291, 1.159870, 20.792309
57000, 1.163059, 20.804579, 1.159843, 20.685490, 1.135804, 20.873222, 1.148419, 20.791374, 1.153577, 20.958335, 1.154581, 20.797605, 1.181024, 19.345618, 1.157412, 20.788656, 1.156410, 20.780971, 1.146947, 20.752515
60000, 1.157107, 20.754740, 1.152013, 20.684804, 1.132041, 20.858276, 1.147137, 20.748140, 1.148103, 20.954054, 1.149960, 20.773911, 1.164726, 19.005198, 1.141933, 20.774462, 1.144841, 20.780971, 1.135606, 20.744683
63000, 1.158656, 20.754740, 1.149635, 20.684804, 1.127732, 20.824427, 1.142114, 20.600470, 1.142762, 20.945915, 1.143230, 20.773911, 1.156123, 18.672831, 1.140481, 20.758854, 1.140226, 20.774538, 1.142230, 20.705057
66000, 1.149970, 20.731876, 1.141432, 20.663534, 1.127411, 20.808857, 1.136231, 20.404774, 1.124152, 20.871860, 1.141007, 20.733118, 1.147377, 17.840291, 1.138890, 20.758854, 1.133172, 20.700939, 1.138464, 20.695306
69000, 1.149157, 20.724428, 1.135549, 20.663534, 1.120209, 20.774035, 1.132341, 19.903842, 1.129369, 20.871860, 1.134013, 20.733118, 1.143729, 17.399812, 1.134362, 20.737010, 1.126800, 20.678543, 1.137178, 20.654621
72000, 1.142870, 20.651262, 1.129001, 20.606821, 1.115009, 20.765687, 1.127396, 19.758348, 1.134545, 20.871860, 1.125737, 20.732836, 1.137577, 17.083884, 1.134890, 20.641550, 1.121544, 20.671859, 1.133494, 20.597748
75000, 1.134627, 20.651262, 1.121263, 20.603319, 1.111796, 20.731481, 1.121260, 19.047567, 1.131833, 20.838301, 1.123766, 20.711435, 1.125737, 16.900794, 1.134648, 20.641550, 1.119568, 20.648369, 1.124713, 20.595997
78000, 1.129136, 20.651262, 1.114899, 20.603319, 1.111934, 20.731481, 1.117741, 18.846470, 1.125353, 20.786546, 1.119495, 20.711253, 1.130368, 16.394211, 1.128031, 20.641550, 1.115894, 20.610630, 1.120763, 20.594863
81000, 1.126701, 20.622012, 1.115433, 20.603319, 1.110087, 20.696265, 1.110224, 18.484296, 1.123747, 20.786546, 1.117641, 20.632230, 1.119443, 16.181733, 1.125346, 20.641550, 1.111638, 20.603291, 1.119462, 20.589535
84000, 1.126027, 20.622012, 1.117633, 20.594898, 1.110692, 20.636226, 1.112322, 18.258831, 1.125401, 20.786546, 1.110705, 20.632230, 1.114412, 15.791328, 1.122102, 20.641550, 1.107682, 20.603291, 1.119554, 20.569467
87000, 1.127632, 20.606680, 1.114390, 20.587780, 1.107541, 20.628728, 1.112005, 17.601432, 1.121552, 20.503705, 1.111365, 20.631673, 1.113404, 15.493910, 1.124820, 20.641550, 1.104555, 20.595916, 1.114762, 20.553117
90000, 1.120598, 20.587096, 1.111482, 20.587780, 1.102605, 20.617476, 1.112282, 17.152696, 1.123610, 19.995532, 1.106366, 20.627225, 1.107983, 15.254438, 1.123521, 20.641550, 1.102825, 20.591379, 1.114968, 20.553117
93000, 1.112852, 20.287425, 1.110955, 20.579647, 1.097918, 20.612601, 1.110686, 17.097173, 1.119046, 19.583238, 1.107285, 20.599318, 1.102869, 14.833800, 1.125552, 20.618686, 1.101424, 20.562607, 1.111458, 20.551212
96000, 1.107636, 19.751839, 1.111335, 20.571883, 1.095605, 20.604472, 1.102480, 16.871774, 1.111253, 19.340939, 1.111523, 20.597963, 1.105064, 14.465967, 1.117800, 20.606104, 1.098823, 20.549364, 1.108909, 20.539291
99000, 1.104855, 19.207220, 1.111610, 20.571883, 1.095485, 20.581299, 1.104177, 16.761653, 1.105088, 18.983010, 1.106308, 20.319148, 1.104577, 14.189535, 1.113889, 20.604982, 1.098812, 20.545117, 1.106304, 20.530760
102000, 1.104018, 18.715669, 1.105348, 20.563230, 1.093188, 20.571880, 1.097891, 16.219386, 1.105836, 18.846208, 1.106779, 19.772708, 1.108047, 13.918444, 1.115478, 20.604982, 1.095370, 20.538368, 1.105432, 20.506255
105000, 1.105769, 18.210855, 1.102069, 20.562033, 1.094148, 20.562896, 1.093911, 15.916927, 1.102942, 18.512494, 1.108390, 19.347202, 1.106154, 13.518359, 1.113673, 20.591684, 1.090233, 20.538368, 1.104797, 20.506255
108000, 1.105890, 17.998026, 1.098329, 20.552705, 1.091883, 20.542357, 1.090972, 15.626114, 1.102962, 18.263880, 1.105414, 18.949467, 1.101187, 13.189708, 1.110143, 20.575973, 1.093434, 20.525139, 1.103513, 20.505607
111000, 1.098574, 17.847776, 1.097217, 20.536486, 1.092001, 20.542357, 1.091671, 15.152128, 1.101999, 18.003912, 1.098687, 18.797961, 1.093839, 12.683862, 1.109689, 20.575243, 1.086397, 20.516238, 1.101870, 20.496984
114000, 1.100078, 17.830078, 1.095012, 20.536486, 1.088611, 20.532822, 1.086903, 14.975156, 1.097446, 17.629091, 1.097532, 18.462024, 1.090341, 12.541129, 1.106771, 20.575243, 1.082894, 20.509344, 1.104881, 20.492739
117000, 1.088894, 17.363524, 1.096220, 20.531606, 1.088691, 20.525284, 1.085031, 14.705851, 1.098986, 17.629091, 1.096335, 18.210075, 1.090151, 12.085242, 1.108017, 20.575243, 1.085173, 20.501307, 1.101875, 20.491480
120000, 1.091442, 17.277182, 1.096442, 20.511327, 1.086421, 20.515753, 1.081444, 14.178705, 1.099714, 17.427755, 1.095059, 17.852625, 1.086598, 11.796926, 1.108026, 20.546334, 1.075597, 20.493673, 1.102787, 20.482532
123000, 1.090852, 17.188096, 1.095463, 20.496815, 1.082565, 20.514531, 1.078790, 13.856533, 1.096270, 17.131825, 1.093075, 17.600794, 1.084224, 11.551990, 1.103290, 20.546334, 1.067490, 20.477731, 1.098892, 20.479394
126000, 1.089968, 16.658672, 1.092058, 20.486241, 1.086022, 20.508258, 1.076575, 13.604567, 1.095201, 16.688004, 1.091301, 17.088134, 1.082130, 11.343724, 1.103408, 20.546334, 1.065136, 20.477731, 1.098478, 20.478386
129000, 1.087552, 16.392802, 1.091697, 20.467097, 1.085315, 20.499295, 1.079450, 13.209518, 1.091275, 16.256883, 1.090960, 16.865054, 1.081352, 10.699820, 1.102287, 20.538306, 1.056692, 20.470735, 1.094447, 20.472322
132000, 1.082306, 16.193414, 1.092483, 20.457618, 1.084464, 20.488954, 1.078764, 13.170489, 1.087353, 16.065293, 1.092875, 16.336056, 1.075509, 10.290797, 1.103374, 20.538306, 1.060452, 20.461449, 1.086750, 20.461944
135000, 1.082864, 16.121412, 1.093843, 20.445798, 1.083010, 20.479894, 1.077423, 12.957838, 1.087369, 15.506197, 1.087627, 15.487222, 1.079721, 10.146518, 1.102714, 20.524567, 1.063953, 20.461449, 1.087495, 20.461560
138000, 1.080989, 15.850941, 1.093134, 20.289932, 1.081212, 20.476630, 1.078133, 12.899761, 1.085517, 15.058726, 1.090135, 15.295359, 1.070619, 9.976750, 1.103966, 20.524567, 1.060851, 20.459377, 1.079121, 20.458826
141000, 1.076741, 15.493825, 1.088450, 20.289932, 1.081721, 20.466254, 1.077659, 12.662720, 1.083506, 14.844933, 1.088903, 14.919259, 1.069067, 9.593352, 1.100244, 20.519289, 1.041906, 20.449691, 1.083782, 20.456769
144000, 1.074954, 14.530876, 1.092290, 20.289932, 1.082039, 20.459856, 1.076113, 12.460758, 1.082004, 14.332244, 1.085060, 14.535677, 1.047426, 9.352187, 1.100676, 20.519289, 1.034018, 20.444733, 1.086708, 20.446415
147000, 1.072170, 13.507160, 1.089755, 20.247524, 1.082148, 20.450715, 1.076018, 12.130951, 1.080561, 13.946090, 1.085184, 14.220991, 1.035125, 8.948147, 1.098363, 20.519289, 1.034808, 20.440334, 1.083254, 20.446415
150000, 1.071417, 13.187839, 1.089645, 19.822743, 1.082088, 20.450281, 1.075738, 11.801065, 1.080641, 13.709703, 1.084204, 13.848962, 1.022282, 8.712300, 1.098844, 20.519289, 1.033525, 20.430107, 1.080404, 20.446415
153000, 1.057789, 13.092790, 1.086661, 19.162353, 1.080646, 20.447420, 1.074234, 11.462648, 1.079108, 13.351656, 1.082198, 13.400382, 1.011504, 8.073950, 1.101060, 20.519289, 1.089781, 20.428842, 1.079825, 20.438333
156000, 1.041378, 13.001004, 1.084374, 18.924784, 1.077055, 20.447420, 1.062427, 11.106554, 1.077755, 13.135932, 1.081823, 13.011259, 0.993730, 7.967136, 1.097848, 20.519289, 1.087346, 20.422329, 1.077930, 20.437219
159000, 1.030258, 12.595985, 1.084611, 18.708702, 1.080687, 20.442431, 1.060864, 11.002811, 1.075324, 12.739991, 1.080391, 12.563989, 0.977191, 7.763393, 1.097860, 20.519289, 1.082662, 20.419818, 1.078458, 20.437219
162000, 1.023914, 12.454235, 1.081064, 18.167765, 1.078991, 20.442431, 1.051124, 10.835095, 1.073477, 12.530026, 1.075479, 12.283759, 0.967471, 7.520748, 1.098064, 20.519289, 1.085267, 20.416299, 1.076864, 20.434441
165000, 1.026674, 11.935974, 1.080712, 17.298256, 1.077831, 20.436573, 1.034141, 10.664309, 1.070976, 11.975334, 1.078509, 11.773857, 0.972913, 7.485459, 1.097799, 20.506821, 1.081876, 20.410965, 1.073435, 20.433061
168000, 1.019661, 11.711343, 1.078898, 17.062822, 1.080350, 20.436573, 1.038567, 10.337685, 1.071204, 11.745210, 1.077728, 11.411135, 0.969737, 7.407132, 1.087716, 20.506821, 1.084603, 20.408446, 1.059943, 20.433061
171000, 1.013185, 11.442217, 1.077108, 16.601373, 1.079225, 20.429902, 1.036723, 10.076578, 1.065376, 11.271133, 1.072735, 11.318693, 0.975506, 7.223355, 1.087563, 20.491696, 1.080859, 20.406294, 1.058355, 20.433061
174000, 0.996029, 11.270752, 1.075727, 16.248216, 1.078525, 20.428647, 1.035796, 9.728670, 1.069653, 10.907552, 1.062191, 11.010101, 0.944333, 7.151710, 1.093544, 20.488130, 1.080595, 20.403037, 1.059675, 20.433061
177000, 0.981606, 10.858896, 1.071085, 16.130933, 1.078229, 20.426653, 1.013547, 9.342473, 1.058748, 10.270241, 1.055233, 10.791258, 0.930110, 7.150187, 1.091157, 20.476263, 1.079627, 20.400288, 1.053405, 20.424789
180000, 0.964429, 10.352966, 1.070479, 15.529649, 1.075723, 20.424391, 1.019812, 9.177887, 1.052378, 9.922567, 1.050009, 10.518473, 0.905246, 6.957571, 1.089161, 20.476263, 1.080884, 20.397636, 1.026481, 20.424789
183000, 0.959910, 10.029321, 1.068972, 15.343959, 1.075466, 20.423034, 1.024746, 8.810118, 1.050994, 9.856576, 1.050101, 10.076245, 0.899573, 6.796155, 1.089569, 20.469956, 1.080847, 20.395490, 1.013444, 20.424789
186000, 0.953000, 9.913971, 1.070197, 15.092205, 1.072849, 20.421420, 1.004445, 8.637689, 1.036702, 9.487936, 1.036007, 9.766514, 0.871410, 6.796155, 1.087377, 20.469956, 1.076295, 20.392503, 0.969784, 20.424789
189000, 0.933251, 8.998592, 1.071370, 14.893645, 1.073942, 20.419065, 0.978207, 8.142125, 1.028844, 9.113608, 1.025680, 9.605398, 0.853153, 6.681170, 1.086382, 20.457805, 1.079095, 20.391478, 0.974070, 20.421776
192000, 0.954629, 8.673973, 1.070150, 14.368899, 1.072836, 20.418317, 0.941744, 8.088383, 1.003481, 8.556511, 1.011702, 9.434473, 0.852727, 6.541368, 1.085491, 20.457795, 1.078410, 20.390035, 0.931738, 20.421776
195000, 0.956984, 8.626006, 1.069830, 14.212228, 1.076175, 20.418046, 0.942697, 7.988983, 0.989331, 8.453604, 1.023976, 9.091588, 0.867500, 6.402201, 1.087207, 20.457795, 1.076820, 20.384594, 0.910581, 20.421776
198000, 0.934094, 8.406812, 1.062263, 13.929437, 1.074606, 20.412147, 0.941642, 7.775651, 0.951835, 8.356410, 1.017900, 8.708558, 0.846330, 6.311547, 1.082061, 20.457795, 1.075703, 20.378331, 0.902693, 20.421034
201000, 0.901440, 8.157869, 1.060912, 13.929437, 1.073159, 20.411235, 0.940095, 7.518115, 0.938274, 8.129138, 0.999032, 8.613675, 0.844497, 6.115947, 1.082918, 20.457795, 1.074609, 20.377723, 0.898925, 20.415760
204000, 0.897517, 8.029069, 1.062678, 13.685099, 1.072774, 20.406647, 0.922648, 7.254509, 0.957869, 7.984555, 1.000220, 8.372498, 0.848071, 6.028488, 1.082569, 20.453504, 1.071301, 20.376894, 0.899073, 20.415760
207000, 0.847008, 7.732548, 1.064478, 13.331176, 1.070098, 20.406647, 0.910477, 7.215333, 0.892661, 7.703467, 0.999333, 8.357385, 0.823838, 5.946820, 1.084724, 20.452932, 1.071537, 20.376096, 0.906369, 20.413890
210000, 0.828851, 7.350015, 1.061208, 12.694856, 1.075047, 20.401072, 0.892473, 6.937312, 0.874648, 7.506828, 0.977986, 7.586474, 0.821670, 5.790565, 1.084038, 20.447193, 1.071223, 20.375872, 0.905020, 20.413310
213000, 0.819394, 7.117979, 1.060457, 12.618587, 1.072423, 20.401072, 0.890313, 6.792662, 0.864886, 7.427469, 0.968560, 7.567394, 0.817178, 5.662193, 1.085252, 20.442221, 1.072522, 20.375255, 0.913443, 20.412658
216000, 0.789228, 6.866994, 1.058733, 12.383282, 1.071390, 20.399445, 0.864243, 6.638989, 0.851273, 7.228551, 0.954515, 7.487603, 0.792529, 5.603415, 1.082359, 20.437236, 1.071706, 20.375186, 0.917469, 20.412658
219000, 0.770059, 6.803800, 1.061035, 12.078233, 1.074179, 20.397122, 0.840481, 6.482155, 0.794375, 7.200612, 0.934897, 7.268893, 0.771625, 5.523182, 1.078396, 20.426286, 1.071945, 20.374731, 0.905967, 20.412191
222000, 0.788829, 6.613116, 1.059628, 11.920524, 1.071715, 20.397122, 0.830645, 6.432638, 0.775631, 7.033855, 0.939553, 7.219837, 0.738147, 5.304383, 1.082147, 20.426286, 1.066787, 20.374230, 0.904715, 20.405410
225000, 0.737081, 6.407711, 1.056699, 11.825509, 1.073481, 20.397122, 0.800072, 6.299522, 0.747509, 6.916718, 0.915132, 6.938646, 0.745792, 5.289819, 1.078927, 20.426286, 1.064650, 20.374230, 0.918253, 20.405410
228000, 0.701163, 6.209609, 1.054039, 11.364415, 1.072031, 20.394778, 0.799063, 6.151752, 0.726315, 6.820675, 0.916972, 6.691984, 0.719858, 5.218215, 1.079287, 20.425252, 1.057927, 20.373707, 0.892758, 20.405410
231000, 0.687214, 6.131661, 1.046174, 11.082905, 1.071258, 20.392389, 0.784907, 6.001714, 0.707367, 6.635675, 0.886094, 6.602629, 0.712691, 5.190456, 1.082883, 20.424653, 1.052443, 20.372873, 0.875311, 20.405410
234000, 0.695020, 5.943686, 1.041723, 10.443946, 1.071761, 20.390556, 0.794190, 5.727749, 0.696793, 6.405708, 0.881003, 6.495364, 0.707249, 5.075663, 1.084173, 20.421720, 1.050433, 20.370855, 0.872361, 20.405410
237000, 0.674697, 5.765542, 1.040894, 10.033922, 1.069950, 20.387951, 0.782020, 5.479007, 0.684067, 6.266164, 0.852924, 6.345290, 0.682638, 5.048378, 1.083772, 20.420481, 1.045441, 20.370855, 0.874838, 20.405360
240000, 0.652771, 5.639497, 1.039001, 9.792416, 1.072448, 20.386450, 0.762721, 5.365460, 0.672779, 6.218943, 0.850552, 6.255325, 0.673119, 4.919203, 1.081288, 20.410533, 1.039539, 20.369412, 0.864879, 20.405360
243000, 0.644687, 5.519215, 1.026883, 9.696712, 1.071767, 20.386444, 0.775521, 5.328482, 0.661045, 6.021561, 0.847592, 6.059291, 0.609784, 4.907910, 1.078895, 20.410533, 1.026646, 20.369412, 0.863670, 20.404764
246000, 0.630728, 5.475879, 1.023819, 9.440443, 1.070302, 20.385136, 0.800404, 5.213070, 0.640686, 5.823395, 0.807265, 6.025187, 0.580087, 4.820215, 1.077762, 20.410270, 1.032996, 20.369412, 0.856769, 20.404764
249000, 0.551642, 5.411011, 1.018319, 9.238215, 1.071630, 20.382691, 0.792893, 5.176683, 0.615860, 5.566917, 0.790851, 5.967743, 0.523972, 4.740319, 1.070421, 20.406551, 1.010465, 20.368797, 0.847673, 20.402609
252000, 0.533829, 5.309109, 1.008992, 8.915856, 1.073836, 20.382691, 0.786389, 5.021983, 0.605899, 5.490467, 0.797387, 5.865059, 0.506504, 4.582492, 1.071227, 20.403538, 1.010670, 20.368797, 0.831155, 20.402609
255000, 0.505057, 5.285689, 1.016545, 8.804014, 1.069703, 20.378305, 0.758619, 4.988948, 0.583249, 5.417204, 0.785123, 5.716244, 0.489126, 4.582492, 1.069090, 20.402726, 1.010142, 20.368576, 0.832009, 20.402609
258000, 0.486330, 5.253428, 0.989291, 8.386854, 1.069878, 20.377212, 0.763382, 4.937431, 0.569658, 5.207883, 0.788312, 5.544377, 0.480415, 4.442567, 1.068677, 20.400144, 1.011201, 20.366273, 0.825662, 20.402118
261000, 0.486001, 5.167748, 0.967813, 8.120443, 1.072485, 20.374966, 0.744203, 4.817432, 0.551990, 5.162783, 0.786143, 5.277295, 0.476163, 4.406097, 1.066620, 20.396830, 1.015640, 20.366184, 0.820797, 20.401459
264000, 0.466120, 5.046155, 0.943549, 8.106364, 1.069751, 20.374966, 0.734789, 4.814607, 0.531489, 5.014891, 0.755965, 5.244814, 0.416256, 4.259661, 1.066014, 20.391905, 0.996847, 20.365485, 0.810147, 20.400034
267000, 0.457575, 4.858254, 0.907207, 7.859071, 1.066815, 20.373459, 0.728746, 4.767363, 0.517230, 4.970438, 0.763769, 5.221181, 0.408318, 4.191324, 1.066061, 20.391905, 0.996120, 20.365109, 0.811540, 20.396010
270000, 0.459582, 4.750401, 0.902244, 7.526499, 1.066252, 20.371826, 0.734416, 4.661797, 0.508889, 4.880625, 0.753886, 4.990839, 0.388435, 4.121413, 1.062891, 20.389532, 0.993586, 20.364603, 0.805043, 20.396010
273000, 0.455241, 4.750401, 0.897732, 7.504709, 1.068107, 20.370532, 0.726911, 4.602987, 0.498404, 4.803601, 0.746428, 4.916393, 0.371422, 4.070537, 1.066620, 20.384245, 0.991118, 20.364104, 0.811664, 20.395059
276000, 0.440333, 4.735878, 0.889831, 7.309942, 1.065893, 20.369958, 0.717590, 4.538098, 0.502867, 4.760048, 0.721063, 4.875651, 0.357934, 4.070459, 1.059106, 20.381144, 0.985387, 20.362995, 0.775568, 20.395059
279000, 0.429887, 4.637136, 0.873430, 7.129104, 1.062848, 20.368193, 0.717817, 4.538098, 0.502139, 4.691091, 0.703941, 4.719977, 0.353861, 3.997484, 1.046930, 20.380582, 0.984206, 20.362501, 0.766574, 20.394816
282000, 0.436621, 4.590475, 0.854678, 7.066263, 1.065514, 20.367584, 0.709314, 4.378929, 0.477498, 4.530859, 0.697857, 4.600886, 0.353627, 3.997484, 1.043520, 20.378855, 0.958685, 20.361814, 0.766233, 20.391123
285000, 0.414384, 4.478079, 0.825810, 6.830511, 1.062879, 20.365461, 0.691854, 4.262899, 0.476089, 4.513627, 0.695240, 4.491971, 0.345939, 3.970208, 1.043390, 20.377346, 0.969556, 20.361003, 0.702172, 20.390336
288000, 0.389054, 4.411629, 0.814674, 6.655073, 1.060956, 20.365461, 0.654387, 4.211196, 0.458055, 4.478847, 0.683358, 4.474539, 0.334769, 3.918383, 1.015371, 20.373541, 0.967621, 20.360736, 0.698124, 20.388343
291000, 0.367931, 4.290807, 0.766615, 6.548841, 1.060670, 20.365385, 0.646252, 4.190312, 0.442691, 4.408093, 0.668773, 4.419504, 0.314756, 3.884532, 1.014437, 20.373220, 0.966733, 20.360063, 0.704143, 20.385396
294000, 0.341465, 4.168365, 0.754730, 6.390518, 1.035715, 20.364733, 0.640914, 4.068265, 0.437011, 4.375880, 0.646316, 4.316966, 0.298064, 3.869788, 1.011568, 20.371809, 0.958071, 20.359524, 0.713707, 20.384875
297000, 0.322842, 4.093406, 0.732829, 6.199636, 1.036513, 20.362715, 0.632709, 4.068265, 0.432402, 4.328062, 0.626659, 4.227308, 0.295870, 3.769447, 1.008934, 20.371590, 0.953897, 20.359002, 0.696771, 20.380009
300000, 0.312110, 4.060798, 0.704951, 6.167496, 1.038723, 20.362464, 0.633020, 3.972033, 0.410635, 4.255965, 0.599199, 4.218795, 0.270158, 3.769447, 1.003672, 20.371139, 0.944290, 20.358804, 0.676997, 20.378530
